factors of 5612592691460157028488501867482051458587407740355339131559497670427820545466264932268319464911726122036348856881906213034456112079790167:

74 917238 947121 890234 718923 471892 347182 943071 283947 013834 912748 719331
74 917238 947121 890234 718923 471892 347182 943071 283947 013834 912748 719357

factors of 3659495323308306536271677810502584925892308098487368570555091396353554465114336175209260399503250429282404013486036083522552907544940723:

60 493762 681026 103753 269004 969010 403328 962519 807589 459172 966031 329453
60 493762 681026 103753 269004 969010 403328 962519 807589 459172 966032 378591

factors of 4203186347211155545407759403310287944739745105712280161537630386886194466890027616072541031930080350590569461440145611070067668431339809:

64 831985 525750 756119 791040 200128 779304 703209 070905 956823 806498 341193 
64 831985 525750 756119 791040 200128 779304 703209 070905 956824 906010 745113 

factors of 12393740938979106085270960952777498451581397764755964574512615956658333154690831168855730082381367054663701968030817652770409915261551093300252139673702939609824212197857780837597650223306004227756966151861628501:

factors of 3367524723136520599574313651967471262880889111291270088046119:

1 307632 717511 110048 622297 958011  
2 575283 317739 339966 230262 805829


RSA factors:
3198146490948181, 11 
42210661
75766321

5318431920345616794413444545267, 3
1810938112802549
2936838030381383 

6138471350288287595828596354472336799310944949, 3
61703854346687092814501
99482786209738044234449

7339520327860714514013398644733827882176683970668868528312313, 5
2148485760663500847015661664707
3416136360891731088336715347859 

5437601359923935907138990951748213431162192715637897279001353486200853304833, 5
55478128553885225751816250459984585127 x 98 013424 
419002 533685 188387 476231 827479